44038
55659
23754
25384
31762
37392
61838
64614
53538
56108
57766
53570
11964
12892
60288
20533
46412
65069
7241
4123
4340
64664
50524
9655
39516
56034
59127
18734
34984
49325
60116
13486
39449
18334
38871
5675
55726
35173
4753
43728
25745
62520
31762
37709
9876
26514
58242
56289
26048
65483
60412
30388
64611
45400
40043
38591
35899
33635
57326
5347
17424
51906
18833
56873
4704
57704
62548
60430
27341
1766
38622
53087
64286
4849
25260
8626
31363
17967
64915
57411
17914
59792
22264
16990
39656
62307
55581
10019
30406
47371
15366
47831
33741
34200
39168
38445
26368
36181
33339
53710
37947
6426
41261
36697
11275
985
45323
42638
18952
44703
34514
36867
38959
56778
53857
13079
53549
43902
23099
18420
25738
38465
715
59479
7129
39883
32389
33498
10528
192
21672
48475
6618
62933
19636
17893
63918
64960
60532
17335
44127
29510
54202
17550
20752
42523
30629
8765
20889
53728
27185
46627
26658
27900
40571
33787
2248
7424
1749
12776
7616
23421
61252
14235
20818
15352
32128
19201
14776
27124
36536
58903
56634
25202
10917
11850
2189
41547
20616
23078
29739
47801
4170
56397
10166
44741
24649
12414
52165
26398
25190
59781
49820
20906
8480
5102
36259
40609
24303
51035
2197
60839
44403
58832
20505
55320
5146
22694
31331
25762
45773
61071
8028
49943
51932
18194
29148
11045
30608
15777
37444
55798
10022
21728
11169
18503
26830
47428
59112
51134
32927
61309
46437
11794
54605
1407
1579
59752
24101
32910
19978
4338
28445
28006
54281
14842
46200
17893
25887
11272
33670
63331
1535
43693
19523
12704
62196
46354
60132
55772
31952
27523
51545
12853
39318
40615
14260
40897
34831
38362
8271
54809
42700
36717
17280
31446
51559
63480
49339
11910
9217
17474
9706
10752
61167
29229
23456
57827
10047
18052
48063
41999
45575
34072
54853
19357
9151
3577
60254
43982
41939
2990
33256
19104
39707
50536
50550
25730
48480
34353
37640
57697
51827
47346
2913
47458
11040
26369
39749
21087
44421
22276
63087
24461
56349
52404
43818
65500
55981
38537
43947
32385
41527
11667
51489
15698
62203
36503
41428
45147
5320
13532
37309
57148
60879
40222
39070
6383
1056
13284
27470
45477
35560
25021
4402
26373
